,M,K,I,A,Y,N,T,C,L,P,G,V,H,F,S,D,E,R,Q,W
M,2.0,0.0,2.0,2.0,0.0,1.0,3.0,0.0,6.0,0.0,1.0,1.0,0.0,1.0,1.0,1.0,1.0,1.0,0.0,0.0
K,0.0,10.0,2.0,2.0,8.0,2.0,7.0,0.0,8.0,1.0,8.0,4.0,2.0,2.0,12.0,1.0,6.0,9.0,5.0,1.0
I,2.0,2.0,38.0,6.0,11.0,3.0,11.0,0.0,18.0,8.0,21.0,7.0,0.0,6.0,24.0,8.0,10.0,5.0,6.0,3.0
A,2.0,2.0,6.0,2368.0,8.0,14.0,39.0,0.0,19.0,14.0,71.0,10.0,9.0,8.0,36.0,12.0,18.0,21.0,27.0,8.0
Y,0.0,8.0,11.0,8.0,1228.0,4.0,5.0,0.0,27.0,10.0,20.0,5.0,17.0,32.0,22.0,19.0,13.0,24.0,17.0,1.0
N,1.0,2.0,3.0,14.0,4.0,260.0,3.0,0.0,8.0,15.0,44.0,6.0,5.0,5.0,16.0,24.0,4.0,6.0,1.0,0.0
T,3.0,7.0,11.0,39.0,5.0,3.0,1064.0,0.0,19.0,23.0,68.0,18.0,2.0,7.0,77.0,20.0,27.0,17.0,40.0,6.0
C,0.0,0.0,0.0,0.0,0.0,0.0,0.0,1796.0,0.0,0.0,0.0,0.0,0.0,0.0,5.0,0.0,0.0,3.0,0.0,0.0
L,6.0,8.0,18.0,19.0,27.0,8.0,19.0,0.0,614.0,52.0,65.0,17.0,3.0,12.0,43.0,16.0,24.0,19.0,43.0,11.0
P,0.0,1.0,8.0,14.0,10.0,15.0,23.0,0.0,52.0,224.0,60.0,5.0,2.0,14.0,22.0,15.0,12.0,8.0,28.0,1.0
G,1.0,8.0,21.0,71.0,20.0,44.0,68.0,0.0,65.0,60.0,1500.0,44.0,10.0,17.0,86.0,69.0,48.0,55.0,55.0,12.0
V,1.0,4.0,7.0,10.0,5.0,6.0,18.0,0.0,17.0,5.0,44.0,50.0,5.0,6.0,14.0,17.0,7.0,10.0,17.0,3.0
H,0.0,2.0,0.0,9.0,17.0,5.0,2.0,0.0,3.0,2.0,10.0,5.0,68.0,2.0,9.0,4.0,3.0,6.0,4.0,0.0
F,1.0,2.0,6.0,8.0,32.0,5.0,7.0,0.0,12.0,14.0,17.0,6.0,2.0,2722.0,14.0,2.0,5.0,5.0,6.0,2.0
S,1.0,12.0,24.0,36.0,22.0,16.0,77.0,5.0,43.0,22.0,86.0,14.0,9.0,14.0,3688.0,20.0,18.0,55.0,20.0,9.0
D,1.0,1.0,8.0,12.0,19.0,24.0,20.0,0.0,16.0,15.0,69.0,17.0,4.0,2.0,20.0,224.0,14.0,7.0,13.0,6.0
E,1.0,6.0,10.0,18.0,13.0,4.0,27.0,0.0,24.0,12.0,48.0,7.0,3.0,5.0,18.0,14.0,1462.0,8.0,6.0,6.0
R,1.0,9.0,5.0,21.0,24.0,6.0,17.0,3.0,19.0,8.0,55.0,10.0,6.0,5.0,55.0,7.0,8.0,152.0,11.0,12.0
Q,0.0,5.0,6.0,27.0,17.0,1.0,40.0,0.0,43.0,28.0,55.0,17.0,4.0,6.0,20.0,13.0,6.0,11.0,1154.0,8.0
W,0.0,1.0,3.0,8.0,1.0,0.0,6.0,0.0,11.0,1.0,12.0,3.0,0.0,2.0,9.0,6.0,6.0,12.0,8.0,20.0
