,C,N,V,D,T,R,Y,P,F,L,E,I,G,M,S,W,Q,H,A,K
C,4826.0,0.0,0.0,0.0,0.0,3.0,0.0,0.0,0.0,0.0,0.0,0.0,0.0,0.0,5.0,0.0,0.0,0.0,0.0,0.0
N,0.0,3978.0,106.0,76.0,160.0,106.0,25.0,53.0,12.0,49.0,16.0,22.0,158.0,34.0,74.0,0.0,50.0,14.0,113.0,12.0
V,0.0,106.0,76.0,27.0,26.0,27.0,33.0,10.0,9.0,37.0,14.0,11.0,64.0,4.0,25.0,3.0,23.0,6.0,26.0,8.0
D,0.0,76.0,27.0,400.0,36.0,31.0,32.0,22.0,5.0,40.0,23.0,13.0,107.0,5.0,48.0,6.0,22.0,7.0,56.0,7.0
T,0.0,160.0,26.0,36.0,1356.0,76.0,38.0,34.0,10.0,34.0,57.0,16.0,128.0,9.0,105.0,7.0,53.0,4.0,56.0,11.0
R,3.0,106.0,27.0,31.0,76.0,524.0,31.0,18.0,11.0,48.0,76.0,7.0,714.0,10.0,228.0,14.0,111.0,12.0,85.0,14.0
Y,0.0,25.0,33.0,32.0,38.0,31.0,4056.0,32.0,46.0,52.0,26.0,20.0,52.0,10.0,32.0,1.0,34.0,57.0,30.0,11.0
P,0.0,53.0,10.0,22.0,34.0,18.0,32.0,3032.0,26.0,80.0,52.0,13.0,79.0,5.0,39.0,1.0,46.0,6.0,26.0,7.0
F,0.0,12.0,9.0,5.0,10.0,11.0,46.0,26.0,5968.0,43.0,33.0,11.0,38.0,2.0,23.0,2.0,15.0,6.0,17.0,7.0
L,0.0,49.0,37.0,40.0,34.0,48.0,52.0,80.0,43.0,1258.0,143.0,31.0,123.0,12.0,107.0,12.0,89.0,16.0,65.0,27.0
E,0.0,16.0,14.0,23.0,57.0,76.0,26.0,52.0,33.0,143.0,1794.0,32.0,88.0,12.0,56.0,12.0,57.0,8.0,48.0,15.0
I,0.0,22.0,11.0,13.0,16.0,7.0,20.0,13.0,11.0,31.0,32.0,42.0,31.0,2.0,34.0,4.0,19.0,3.0,17.0,8.0
G,0.0,158.0,64.0,107.0,128.0,714.0,52.0,79.0,38.0,123.0,88.0,31.0,2362.0,14.0,166.0,17.0,156.0,17.0,137.0,20.0
M,0.0,34.0,4.0,5.0,9.0,10.0,10.0,5.0,2.0,12.0,12.0,2.0,14.0,12.0,6.0,0.0,6.0,2.0,9.0,3.0
S,5.0,74.0,25.0,48.0,105.0,228.0,32.0,39.0,23.0,107.0,56.0,34.0,166.0,6.0,12536.0,11.0,42.0,18.0,81.0,24.0
W,0.0,0.0,3.0,6.0,7.0,14.0,1.0,1.0,2.0,12.0,12.0,4.0,17.0,0.0,11.0,20.0,12.0,0.0,9.0,1.0
Q,0.0,50.0,23.0,22.0,53.0,111.0,34.0,46.0,15.0,89.0,57.0,19.0,156.0,6.0,42.0,12.0,6836.0,10.0,46.0,19.0
H,0.0,14.0,6.0,7.0,4.0,12.0,57.0,6.0,6.0,16.0,8.0,3.0,17.0,2.0,18.0,0.0,10.0,84.0,16.0,4.0
A,0.0,113.0,26.0,56.0,56.0,85.0,30.0,26.0,17.0,65.0,48.0,17.0,137.0,9.0,81.0,9.0,46.0,16.0,5602.0,12.0
K,0.0,12.0,8.0,7.0,11.0,14.0,11.0,7.0,7.0,27.0,15.0,8.0,20.0,3.0,24.0,1.0,19.0,4.0,12.0,92.0
