,E,N,P,K,H,W,V,I,T,C,S,L,Y,Q,M,R,A,F,G,D
E,1174.0,3.0,20.0,5.0,0.0,3.0,14.0,2.0,42.0,0.0,25.0,9.0,6.0,13.0,1.0,20.0,14.0,1.0,60.0,52.0
N,3.0,638.0,5.0,2.0,7.0,1.0,5.0,4.0,18.0,0.0,36.0,2.0,12.0,6.0,0.0,14.0,5.0,1.0,29.0,17.0
P,20.0,5.0,502.0,8.0,1.0,1.0,4.0,5.0,18.0,0.0,35.0,41.0,16.0,7.0,7.0,10.0,22.0,5.0,31.0,9.0
K,5.0,2.0,8.0,74.0,3.0,1.0,2.0,0.0,10.0,0.0,6.0,5.0,4.0,14.0,0.0,14.0,0.0,0.0,2.0,1.0
H,0.0,7.0,1.0,3.0,288.0,1.0,6.0,3.0,4.0,0.0,8.0,3.0,24.0,11.0,0.0,13.0,3.0,8.0,5.0,6.0
W,3.0,1.0,1.0,1.0,1.0,66.0,0.0,1.0,1.0,0.0,4.0,4.0,3.0,3.0,1.0,14.0,1.0,6.0,5.0,2.0
V,14.0,5.0,4.0,2.0,6.0,0.0,168.0,20.0,46.0,0.0,25.0,26.0,4.0,9.0,3.0,8.0,38.0,1.0,22.0,13.0
I,2.0,4.0,5.0,0.0,3.0,1.0,20.0,246.0,23.0,0.0,44.0,16.0,12.0,10.0,2.0,14.0,14.0,2.0,8.0,10.0
T,42.0,18.0,18.0,10.0,4.0,1.0,46.0,23.0,1366.0,0.0,114.0,28.0,19.0,12.0,2.0,11.0,77.0,2.0,61.0,9.0
C,0.0,0.0,0.0,0.0,0.0,0.0,0.0,0.0,0.0,1994.0,10.0,0.0,2.0,0.0,0.0,1.0,0.0,0.0,1.0,0.0
S,25.0,36.0,35.0,6.0,8.0,4.0,25.0,44.0,114.0,10.0,3554.0,28.0,9.0,27.0,7.0,65.0,80.0,8.0,138.0,34.0
L,9.0,2.0,41.0,5.0,3.0,4.0,26.0,16.0,28.0,0.0,28.0,806.0,18.0,63.0,4.0,15.0,19.0,16.0,14.0,4.0
Y,6.0,12.0,16.0,4.0,24.0,3.0,4.0,12.0,19.0,2.0,9.0,18.0,1348.0,1.0,1.0,2.0,9.0,116.0,12.0,18.0
Q,13.0,6.0,7.0,14.0,11.0,3.0,9.0,10.0,12.0,0.0,27.0,63.0,1.0,1512.0,0.0,30.0,44.0,1.0,36.0,5.0
M,1.0,0.0,7.0,0.0,0.0,1.0,3.0,2.0,2.0,0.0,7.0,4.0,1.0,0.0,8.0,2.0,2.0,0.0,1.0,0.0
R,20.0,14.0,10.0,14.0,13.0,14.0,8.0,14.0,11.0,1.0,65.0,15.0,2.0,30.0,2.0,596.0,19.0,0.0,86.0,9.0
A,14.0,5.0,22.0,0.0,3.0,1.0,38.0,14.0,77.0,0.0,80.0,19.0,9.0,44.0,2.0,19.0,2266.0,4.0,74.0,19.0
F,1.0,1.0,5.0,0.0,8.0,6.0,1.0,2.0,2.0,0.0,8.0,16.0,116.0,1.0,0.0,0.0,4.0,2642.0,11.0,5.0
G,60.0,29.0,31.0,2.0,5.0,5.0,22.0,8.0,61.0,1.0,138.0,14.0,12.0,36.0,1.0,86.0,74.0,11.0,2530.0,43.0
D,52.0,17.0,9.0,1.0,6.0,2.0,13.0,10.0,9.0,0.0,34.0,4.0,18.0,5.0,0.0,9.0,19.0,5.0,43.0,492.0
