,A,C,D,E,F,G,H,I,K,L,M,N,P,Q,R,S,T,V,W,Y
A,2368.0,0.0,12.0,18.0,8.0,71.0,9.0,6.0,2.0,19.0,2.0,14.0,14.0,27.0,21.0,36.0,39.0,10.0,8.0,8.0
C,0.0,1796.0,0.0,0.0,0.0,0.0,0.0,0.0,0.0,0.0,0.0,0.0,0.0,0.0,3.0,5.0,0.0,0.0,0.0,0.0
D,12.0,0.0,224.0,14.0,2.0,69.0,4.0,8.0,1.0,16.0,1.0,24.0,15.0,13.0,7.0,20.0,20.0,17.0,6.0,19.0
E,18.0,0.0,14.0,1462.0,5.0,48.0,3.0,10.0,6.0,24.0,1.0,4.0,12.0,6.0,8.0,18.0,27.0,7.0,6.0,13.0
F,8.0,0.0,2.0,5.0,2722.0,17.0,2.0,6.0,2.0,12.0,1.0,5.0,14.0,6.0,5.0,14.0,7.0,6.0,2.0,32.0
G,71.0,0.0,69.0,48.0,17.0,1500.0,10.0,21.0,8.0,65.0,1.0,44.0,60.0,55.0,55.0,86.0,68.0,44.0,12.0,20.0
H,9.0,0.0,4.0,3.0,2.0,10.0,68.0,0.0,2.0,3.0,0.0,5.0,2.0,4.0,6.0,9.0,2.0,5.0,0.0,17.0
I,6.0,0.0,8.0,10.0,6.0,21.0,0.0,38.0,2.0,18.0,2.0,3.0,8.0,6.0,5.0,24.0,11.0,7.0,3.0,11.0
K,2.0,0.0,1.0,6.0,2.0,8.0,2.0,2.0,10.0,8.0,0.0,2.0,1.0,5.0,9.0,12.0,7.0,4.0,1.0,8.0
L,19.0,0.0,16.0,24.0,12.0,65.0,3.0,18.0,8.0,614.0,6.0,8.0,52.0,43.0,19.0,43.0,19.0,17.0,11.0,27.0
M,2.0,0.0,1.0,1.0,1.0,1.0,0.0,2.0,0.0,6.0,2.0,1.0,0.0,0.0,1.0,1.0,3.0,1.0,0.0,0.0
N,14.0,0.0,24.0,4.0,5.0,44.0,5.0,3.0,2.0,8.0,1.0,260.0,15.0,1.0,6.0,16.0,3.0,6.0,0.0,4.0
P,14.0,0.0,15.0,12.0,14.0,60.0,2.0,8.0,1.0,52.0,0.0,15.0,224.0,28.0,8.0,22.0,23.0,5.0,1.0,10.0
Q,27.0,0.0,13.0,6.0,6.0,55.0,4.0,6.0,5.0,43.0,0.0,1.0,28.0,1154.0,11.0,20.0,40.0,17.0,8.0,17.0
R,21.0,3.0,7.0,8.0,5.0,55.0,6.0,5.0,9.0,19.0,1.0,6.0,8.0,11.0,152.0,55.0,17.0,10.0,12.0,24.0
S,36.0,5.0,20.0,18.0,14.0,86.0,9.0,24.0,12.0,43.0,1.0,16.0,22.0,20.0,55.0,3688.0,77.0,14.0,9.0,22.0
T,39.0,0.0,20.0,27.0,7.0,68.0,2.0,11.0,7.0,19.0,3.0,3.0,23.0,40.0,17.0,77.0,1064.0,18.0,6.0,5.0
V,10.0,0.0,17.0,7.0,6.0,44.0,5.0,7.0,4.0,17.0,1.0,6.0,5.0,17.0,10.0,14.0,18.0,50.0,3.0,5.0
W,8.0,0.0,6.0,6.0,2.0,12.0,0.0,3.0,1.0,11.0,0.0,0.0,1.0,8.0,12.0,9.0,6.0,3.0,20.0,1.0
Y,8.0,0.0,19.0,13.0,32.0,20.0,17.0,11.0,8.0,27.0,0.0,4.0,10.0,17.0,24.0,22.0,5.0,5.0,1.0,1228.0
