,A,C,D,E,F,G,H,I,K,L,M,N,P,Q,R,S,T,V,W,Y
A,20644.0,7.0,234.0,210.0,89.0,1245.0,69.0,99.0,63.0,753.0,34.0,188.0,286.0,871.0,311.0,775.0,541.0,232.0,72.0,145.0
C,7.0,18230.0,1.0,7.0,1.0,8.0,1.0,0.0,0.0,4.0,0.0,1.0,3.0,1.0,3.0,68.0,5.0,7.0,1.0,14.0
D,234.0,1.0,1566.0,402.0,74.0,824.0,71.0,81.0,62.0,270.0,13.0,338.0,195.0,227.0,219.0,311.0,332.0,177.0,61.0,513.0
E,210.0,7.0,402.0,12640.0,56.0,667.0,47.0,163.0,89.0,279.0,20.0,135.0,249.0,151.0,232.0,261.0,836.0,154.0,52.0,212.0
F,89.0,1.0,74.0,56.0,25212.0,221.0,46.0,55.0,21.0,223.0,17.0,52.0,150.0,109.0,56.0,186.0,130.0,64.0,19.0,1090.0
G,1245.0,8.0,824.0,667.0,221.0,12286.0,211.0,239.0,164.0,866.0,53.0,622.0,647.0,775.0,977.0,1753.0,1586.0,519.0,150.0,395.0
H,69.0,1.0,71.0,47.0,46.0,211.0,822.0,21.0,11.0,72.0,12.0,54.0,42.0,63.0,49.0,115.0,46.0,38.0,16.0,195.0
I,99.0,0.0,81.0,163.0,55.0,239.0,21.0,206.0,21.0,250.0,17.0,52.0,127.0,167.0,83.0,348.0,140.0,69.0,27.0,81.0
K,63.0,0.0,62.0,89.0,21.0,164.0,11.0,21.0,108.0,91.0,9.0,33.0,61.0,72.0,46.0,113.0,120.0,33.0,9.0,81.0
L,753.0,4.0,270.0,279.0,223.0,866.0,72.0,250.0,91.0,3594.0,88.0,102.0,725.0,1006.0,343.0,686.0,411.0,301.0,130.0,342.0
M,34.0,0.0,13.0,20.0,17.0,53.0,12.0,17.0,9.0,88.0,12.0,6.0,44.0,32.0,28.0,51.0,28.0,26.0,7.0,18.0
N,188.0,1.0,338.0,135.0,52.0,622.0,54.0,52.0,33.0,102.0,6.0,1994.0,107.0,77.0,115.0,325.0,248.0,81.0,17.0,341.0
P,286.0,3.0,195.0,249.0,150.0,647.0,42.0,127.0,61.0,725.0,44.0,107.0,1794.0,339.0,229.0,414.0,419.0,171.0,57.0,175.0
Q,871.0,1.0,227.0,151.0,109.0,775.0,63.0,167.0,72.0,1006.0,32.0,77.0,339.0,12826.0,225.0,409.0,456.0,154.0,77.0,231.0
R,311.0,3.0,219.0,232.0,56.0,977.0,49.0,83.0,46.0,343.0,28.0,115.0,229.0,225.0,914.0,944.0,350.0,134.0,77.0,195.0
S,775.0,68.0,311.0,261.0,186.0,1753.0,115.0,348.0,113.0,686.0,51.0,325.0,414.0,409.0,944.0,33722.0,816.0,326.0,140.0,246.0
T,541.0,5.0,332.0,836.0,130.0,1586.0,46.0,140.0,120.0,411.0,28.0,248.0,419.0,456.0,350.0,816.0,5976.0,203.0,69.0,231.0
V,232.0,7.0,177.0,154.0,64.0,519.0,38.0,69.0,33.0,301.0,26.0,81.0,171.0,154.0,134.0,326.0,203.0,400.0,40.0,110.0
W,72.0,1.0,61.0,52.0,19.0,150.0,16.0,27.0,9.0,130.0,7.0,17.0,57.0,77.0,77.0,140.0,69.0,40.0,64.0,32.0
Y,145.0,14.0,513.0,212.0,1090.0,395.0,195.0,81.0,81.0,342.0,18.0,341.0,175.0,231.0,195.0,246.0,231.0,110.0,32.0,11456.0
