,A,C,D,E,F,G,H,I,K,L,M,N,P,Q,R,S,T,V,W,Y
A,44280.0,16.0,569.0,520.0,230.0,3109.0,147.0,268.0,154.0,1698.0,69.0,449.0,643.0,2601.0,783.0,2363.0,1329.0,616.0,210.0,503.0
C,16.0,41300.0,2.0,8.0,3.0,17.0,1.0,4.0,0.0,10.0,1.0,2.0,10.0,6.0,8.0,152.0,8.0,10.0,8.0,36.0
D,569.0,2.0,3014.0,1052.0,155.0,2251.0,170.0,203.0,165.0,723.0,38.0,961.0,543.0,586.0,573.0,828.0,891.0,403.0,134.0,1392.0
E,520.0,8.0,1052.0,25426.0,181.0,1995.0,117.0,427.0,238.0,758.0,67.0,440.0,824.0,523.0,557.0,766.0,3031.0,381.0,130.0,706.0
F,230.0,3.0,155.0,181.0,54866.0,558.0,254.0,128.0,74.0,522.0,30.0,130.0,326.0,263.0,167.0,421.0,531.0,144.0,55.0,3716.0
G,3109.0,17.0,2251.0,1995.0,558.0,24644.0,482.0,632.0,455.0,2250.0,163.0,1555.0,1668.0,2037.0,2389.0,4700.0,3824.0,1254.0,440.0,1224.0
H,147.0,1.0,170.0,117.0,254.0,482.0,1826.0,59.0,28.0,174.0,18.0,125.0,97.0,150.0,94.0,266.0,146.0,94.0,30.0,593.0
I,268.0,4.0,203.0,427.0,128.0,632.0,59.0,324.0,47.0,562.0,40.0,140.0,306.0,533.0,212.0,1039.0,373.0,169.0,71.0,206.0
K,154.0,0.0,165.0,238.0,74.0,455.0,28.0,47.0,226.0,223.0,11.0,97.0,145.0,157.0,122.0,321.0,258.0,76.0,21.0,207.0
L,1698.0,10.0,723.0,758.0,522.0,2250.0,174.0,562.0,223.0,6986.0,188.0,256.0,1662.0,2573.0,832.0,1701.0,1103.0,702.0,353.0,846.0
M,69.0,1.0,38.0,67.0,30.0,163.0,18.0,40.0,11.0,188.0,14.0,18.0,89.0,80.0,66.0,165.0,71.0,48.0,14.0,38.0
N,449.0,2.0,961.0,440.0,130.0,1555.0,125.0,140.0,97.0,256.0,18.0,3720.0,260.0,258.0,270.0,860.0,758.0,200.0,53.0,1086.0
P,643.0,10.0,543.0,824.0,326.0,1668.0,97.0,306.0,145.0,1662.0,89.0,260.0,3634.0,837.0,582.0,1152.0,1041.0,403.0,160.0,399.0
Q,2601.0,6.0,586.0,523.0,263.0,2037.0,150.0,533.0,157.0,2573.0,80.0,258.0,837.0,27838.0,564.0,1104.0,1032.0,368.0,157.0,835.0
R,783.0,8.0,573.0,557.0,167.0,2389.0,94.0,212.0,122.0,832.0,66.0,270.0,582.0,564.0,1940.0,2542.0,918.0,369.0,192.0,436.0
S,2363.0,152.0,828.0,766.0,421.0,4700.0,266.0,1039.0,321.0,1701.0,165.0,860.0,1152.0,1104.0,2542.0,72232.0,2250.0,980.0,446.0,627.0
T,1329.0,8.0,891.0,3031.0,531.0,3824.0,146.0,373.0,258.0,1103.0,71.0,758.0,1041.0,1032.0,918.0,2250.0,10696.0,492.0,190.0,977.0
V,616.0,10.0,403.0,381.0,144.0,1254.0,94.0,169.0,76.0,702.0,48.0,200.0,403.0,368.0,369.0,980.0,492.0,674.0,119.0,296.0
W,210.0,8.0,134.0,130.0,55.0,440.0,30.0,71.0,21.0,353.0,14.0,53.0,160.0,157.0,192.0,446.0,190.0,119.0,86.0,68.0
Y,503.0,36.0,1392.0,706.0,3716.0,1224.0,593.0,206.0,207.0,846.0,38.0,1086.0,399.0,835.0,436.0,627.0,977.0,296.0,68.0,21964.0
