,A,C,D,E,F,G,H,I,K,L,M,N,P,Q,R,S,T,V,W,Y
A,1548.0,0.0,10.0,7.0,3.0,41.0,2.0,6.0,0.0,8.0,0.0,0.0,11.0,21.0,6.0,51.0,56.0,22.0,1.0,3.0
C,0.0,1354.0,0.0,0.0,0.0,1.0,0.0,0.0,0.0,0.0,0.0,0.0,0.0,0.0,1.0,8.0,0.0,0.0,0.0,2.0
D,10.0,0.0,416.0,27.0,3.0,22.0,5.0,3.0,0.0,2.0,0.0,7.0,4.0,1.0,4.0,16.0,2.0,11.0,1.0,8.0
E,7.0,0.0,27.0,808.0,0.0,39.0,0.0,1.0,2.0,3.0,0.0,1.0,5.0,8.0,14.0,11.0,14.0,11.0,2.0,3.0
F,3.0,0.0,3.0,0.0,1792.0,5.0,3.0,1.0,0.0,9.0,0.0,1.0,2.0,0.0,0.0,4.0,0.0,0.0,0.0,59.0
G,41.0,1.0,22.0,39.0,5.0,1820.0,3.0,4.0,1.0,6.0,1.0,11.0,15.0,18.0,47.0,79.0,22.0,10.0,2.0,5.0
H,2.0,0.0,5.0,0.0,3.0,3.0,190.0,0.0,2.0,1.0,0.0,4.0,0.0,5.0,10.0,4.0,2.0,3.0,1.0,10.0
I,6.0,0.0,3.0,1.0,1.0,4.0,0.0,208.0,0.0,10.0,2.0,1.0,4.0,4.0,5.0,29.0,9.0,15.0,0.0,1.0
K,0.0,0.0,0.0,2.0,0.0,1.0,2.0,0.0,70.0,1.0,0.0,0.0,3.0,6.0,9.0,1.0,9.0,2.0,0.0,2.0
L,8.0,0.0,2.0,3.0,9.0,6.0,1.0,10.0,1.0,566.0,1.0,0.0,21.0,33.0,6.0,12.0,15.0,15.0,3.0,11.0
M,0.0,0.0,0.0,0.0,0.0,1.0,0.0,2.0,0.0,1.0,6.0,0.0,4.0,0.0,1.0,4.0,0.0,2.0,0.0,0.0
N,0.0,0.0,7.0,1.0,1.0,11.0,4.0,1.0,0.0,0.0,0.0,488.0,2.0,1.0,9.0,18.0,8.0,1.0,1.0,8.0
P,11.0,0.0,4.0,5.0,2.0,15.0,0.0,4.0,3.0,21.0,4.0,2.0,326.0,4.0,6.0,20.0,10.0,1.0,0.0,7.0
Q,21.0,0.0,1.0,8.0,0.0,18.0,5.0,4.0,6.0,33.0,0.0,1.0,4.0,1010.0,14.0,14.0,10.0,5.0,2.0,0.0
R,6.0,1.0,4.0,14.0,0.0,47.0,10.0,5.0,9.0,6.0,1.0,9.0,6.0,14.0,476.0,43.0,5.0,5.0,11.0,1.0
S,51.0,8.0,16.0,11.0,4.0,79.0,4.0,29.0,1.0,12.0,4.0,18.0,20.0,14.0,43.0,2442.0,68.0,13.0,2.0,4.0
T,56.0,0.0,2.0,14.0,0.0,22.0,2.0,9.0,9.0,15.0,0.0,8.0,10.0,10.0,5.0,68.0,1086.0,36.0,0.0,3.0
V,22.0,0.0,11.0,11.0,0.0,10.0,3.0,15.0,2.0,15.0,2.0,1.0,1.0,5.0,5.0,13.0,36.0,146.0,0.0,1.0
W,1.0,0.0,1.0,2.0,0.0,2.0,1.0,0.0,0.0,3.0,0.0,1.0,0.0,2.0,11.0,2.0,0.0,0.0,48.0,0.0
Y,3.0,2.0,8.0,3.0,59.0,5.0,10.0,1.0,2.0,11.0,0.0,8.0,7.0,0.0,1.0,4.0,3.0,1.0,0.0,1004.0
