,A,C,D,E,F,G,H,I,K,L,M,N,P,Q,R,S,T,V,W,Y
A,4656.0,0.0,60.0,44.0,16.0,259.0,13.0,45.0,2.0,93.0,8.0,15.0,61.0,169.0,61.0,239.0,163.0,78.0,7.0,32.0
C,0.0,4348.0,0.0,0.0,0.0,5.0,0.0,0.0,0.0,2.0,0.0,0.0,0.0,0.0,1.0,12.0,1.0,0.0,0.0,4.0
D,60.0,0.0,604.0,124.0,6.0,144.0,15.0,40.0,13.0,39.0,3.0,83.0,37.0,27.0,44.0,139.0,74.0,42.0,7.0,70.0
E,44.0,0.0,124.0,2374.0,3.0,186.0,3.0,15.0,17.0,25.0,2.0,20.0,101.0,39.0,43.0,72.0,215.0,52.0,11.0,47.0
F,16.0,0.0,6.0,3.0,5606.0,22.0,44.0,6.0,0.0,37.0,0.0,9.0,15.0,16.0,8.0,23.0,27.0,4.0,19.0,393.0
G,259.0,5.0,144.0,186.0,22.0,4476.0,26.0,35.0,7.0,100.0,4.0,124.0,115.0,120.0,227.0,418.0,288.0,80.0,24.0,94.0
H,13.0,0.0,15.0,3.0,44.0,26.0,432.0,3.0,6.0,14.0,1.0,16.0,5.0,24.0,21.0,23.0,13.0,12.0,1.0,92.0
I,45.0,0.0,40.0,15.0,6.0,35.0,3.0,298.0,1.0,38.0,6.0,11.0,16.0,34.0,24.0,106.0,54.0,40.0,2.0,137.0
K,2.0,0.0,13.0,17.0,0.0,7.0,6.0,1.0,74.0,25.0,1.0,12.0,15.0,32.0,27.0,22.0,20.0,13.0,1.0,10.0
L,93.0,2.0,39.0,25.0,37.0,100.0,14.0,38.0,25.0,1406.0,14.0,16.0,122.0,235.0,56.0,107.0,91.0,68.0,20.0,51.0
M,8.0,0.0,3.0,2.0,0.0,4.0,1.0,6.0,1.0,14.0,8.0,1.0,12.0,8.0,9.0,18.0,7.0,4.0,2.0,5.0
N,15.0,0.0,83.0,20.0,9.0,124.0,16.0,11.0,12.0,16.0,1.0,1144.0,18.0,47.0,36.0,104.0,78.0,15.0,3.0,68.0
P,61.0,0.0,37.0,101.0,15.0,115.0,5.0,16.0,15.0,122.0,12.0,18.0,780.0,61.0,31.0,97.0,81.0,26.0,4.0,36.0
Q,169.0,0.0,27.0,39.0,16.0,120.0,24.0,34.0,32.0,235.0,8.0,47.0,61.0,3000.0,65.0,78.0,60.0,27.0,7.0,44.0
R,61.0,1.0,44.0,43.0,8.0,227.0,21.0,24.0,27.0,56.0,9.0,36.0,31.0,65.0,972.0,194.0,59.0,29.0,19.0,23.0
S,239.0,12.0,139.0,72.0,23.0,418.0,23.0,106.0,22.0,107.0,18.0,104.0,97.0,78.0,194.0,7392.0,274.0,98.0,22.0,35.0
T,163.0,1.0,74.0,215.0,27.0,288.0,13.0,54.0,20.0,91.0,7.0,78.0,81.0,60.0,59.0,274.0,1834.0,163.0,6.0,174.0
V,78.0,0.0,42.0,52.0,4.0,80.0,12.0,40.0,13.0,68.0,4.0,15.0,26.0,27.0,29.0,98.0,163.0,240.0,2.0,16.0
W,7.0,0.0,7.0,11.0,19.0,24.0,1.0,2.0,1.0,20.0,2.0,3.0,4.0,7.0,19.0,22.0,6.0,2.0,114.0,32.0
Y,32.0,4.0,70.0,47.0,393.0,94.0,92.0,137.0,10.0,51.0,5.0,68.0,36.0,44.0,23.0,35.0,174.0,16.0,32.0,2192.0
