,A,C,D,E,F,G,H,I,K,L,M,N,P,Q,R,S,T,V,W,Y
A,2266.0,0.0,19.0,14.0,4.0,74.0,3.0,14.0,0.0,19.0,2.0,5.0,22.0,44.0,19.0,80.0,77.0,38.0,1.0,9.0
C,0.0,1994.0,0.0,0.0,0.0,1.0,0.0,0.0,0.0,0.0,0.0,0.0,0.0,0.0,1.0,10.0,0.0,0.0,0.0,2.0
D,19.0,0.0,492.0,52.0,5.0,43.0,6.0,10.0,1.0,4.0,0.0,17.0,9.0,5.0,9.0,34.0,9.0,13.0,2.0,18.0
E,14.0,0.0,52.0,1174.0,1.0,60.0,0.0,2.0,5.0,9.0,1.0,3.0,20.0,13.0,20.0,25.0,42.0,14.0,3.0,6.0
F,4.0,0.0,5.0,1.0,2642.0,11.0,8.0,2.0,0.0,16.0,0.0,1.0,5.0,1.0,0.0,8.0,2.0,1.0,6.0,116.0
G,74.0,1.0,43.0,60.0,11.0,2530.0,5.0,8.0,2.0,14.0,1.0,29.0,31.0,36.0,86.0,138.0,61.0,22.0,5.0,12.0
H,3.0,0.0,6.0,0.0,8.0,5.0,288.0,3.0,3.0,3.0,0.0,7.0,1.0,11.0,13.0,8.0,4.0,6.0,1.0,24.0
I,14.0,0.0,10.0,2.0,2.0,8.0,3.0,246.0,0.0,16.0,2.0,4.0,5.0,10.0,14.0,44.0,23.0,20.0,1.0,12.0
K,0.0,0.0,1.0,5.0,0.0,2.0,3.0,0.0,74.0,5.0,0.0,2.0,8.0,14.0,14.0,6.0,10.0,2.0,1.0,4.0
L,19.0,0.0,4.0,9.0,16.0,14.0,3.0,16.0,5.0,806.0,4.0,2.0,41.0,63.0,15.0,28.0,28.0,26.0,4.0,18.0
M,2.0,0.0,0.0,1.0,0.0,1.0,0.0,2.0,0.0,4.0,8.0,0.0,7.0,0.0,2.0,7.0,2.0,3.0,1.0,1.0
N,5.0,0.0,17.0,3.0,1.0,29.0,7.0,4.0,2.0,2.0,0.0,638.0,5.0,6.0,14.0,36.0,18.0,5.0,1.0,12.0
P,22.0,0.0,9.0,20.0,5.0,31.0,1.0,5.0,8.0,41.0,7.0,5.0,502.0,7.0,10.0,35.0,18.0,4.0,1.0,16.0
Q,44.0,0.0,5.0,13.0,1.0,36.0,11.0,10.0,14.0,63.0,0.0,6.0,7.0,1512.0,30.0,27.0,12.0,9.0,3.0,1.0
R,19.0,1.0,9.0,20.0,0.0,86.0,13.0,14.0,14.0,15.0,2.0,14.0,10.0,30.0,596.0,65.0,11.0,8.0,14.0,2.0
S,80.0,10.0,34.0,25.0,8.0,138.0,8.0,44.0,6.0,28.0,7.0,36.0,35.0,27.0,65.0,3554.0,114.0,25.0,4.0,9.0
T,77.0,0.0,9.0,42.0,2.0,61.0,4.0,23.0,10.0,28.0,2.0,18.0,18.0,12.0,11.0,114.0,1366.0,46.0,1.0,19.0
V,38.0,0.0,13.0,14.0,1.0,22.0,6.0,20.0,2.0,26.0,3.0,5.0,4.0,9.0,8.0,25.0,46.0,168.0,0.0,4.0
W,1.0,0.0,2.0,3.0,6.0,5.0,1.0,1.0,1.0,4.0,1.0,1.0,1.0,3.0,14.0,4.0,1.0,0.0,66.0,3.0
Y,9.0,2.0,18.0,6.0,116.0,12.0,24.0,12.0,4.0,18.0,1.0,12.0,16.0,1.0,2.0,9.0,19.0,4.0,3.0,1348.0
